10 64
28 44 60 76 100 116 132 148 172 188
28 44 60 76 100 116 132 148 172 188
28 44 60 76 100 116 132 148 172 188
28 44 60 76 100 116 132 148 172 188
28 44 60 76 100 116 132 148 172 188
28 44 60 76 100 116 132 148 172 188
28 44 60 76 100 116 132 148 172 188
28 44 60 76 100 116 132 148 172 188
68 84 100 116 140 156 172 188 212 215
68 84 100 116 140 156 172 188 212 215
68 84 100 116 140 156 172 188 212 215
68 84 100 116 140 156 172 188 212 215
68 84 100 116 140 156 172 188 212 215
68 84 100 116 140 156 172 188 212 215
68 84 100 116 140 156 172 188 212 215
68 84 100 116 140 156 172 188 212 215
108 124 140 156 180 196 211 224 148 73
108 124 140 156 180 196 211 224 148 73
108 124 140 156 180 196 211 224 148 73
108 124 140 156 180 196 211 224 148 73
108 124 140 156 180 196 211 224 148 73
108 124 140 156 180 196 211 224 148 73
108 124 140 156 180 196 211 224 148 73
108 124 140 156 180 196 211 224 148 73
148 164 180 196 220 199 147 64 36 52
148 164 180 196 220 199 147 64 36 52
148 164 180 196 220 199 147 64 36 52
148 164 180 196 220 199 147 64 36 52
148 164 180 196 220 199 147 64 36 52
148 164 180 196 220 199 147 64 36 52
148 164 180 196 220 199 147 64 36 52
148 164 180 196 220 199 147 64 36 52
188 204 213 216 104 53 36 52 76 92
188 204 213 216 104 53 36 52 76 92
188 204 213 216 104 53 36 52 76 92
188 204 213 216 104 53 36 52 76 92
188 204 213 216 104 53 36 52 76 92
188 204 213 216 104 53 36 52 76 92
188 204 213 216 104 53 36 52 76 92
188 204 213 216 104 53 36 52 76 92
224 173 111 36 44 60 76 92 116 132
224 173 111 36 44 60 76 92 116 132
224 173 111 36 44 60 76 92 116 132
224 173 111 36 44 60 76 92 116 132
224 173 111 36 44 60 76 92 116 132
224 173 111 36 44 60 76 92 116 132
224 173 111 36 44 60 76 92 116 132
224 173 111 36 44 60 76 92 116 132
64 45 44 60 84 100 116 132 156 172
64 45 44 60 84 100 116 132 156 172
64 45 44 60 84 100 116 132 156 172
64 45 44 60 84 100 116 132 156 172
64 45 44 60 84 100 116 132 156 172
64 45 44 60 84 100 116 132 156 172
64 45 44 60 84 100 116 132 156 172
64 45 44 60 84 100 116 132 156 172
52 68 84 100 124 140 156 172 196 212
52 68 84 100 124 140 156 172 196 212
52 68 84 100 124 140 156 172 196 212
52 68 84 100 124 140 156 172 196 212
52 68 84 100 124 140 156 172 196 212
52 68 84 100 124 140 156 172 196 212
52 68 84 100 124 140 156 172 196 212
52 68 84 100 124 140 156 172 196 212
